=== RUN   TestDiagLive
godror WARNING: discrepancy between SESSIONTIMEZONE ("+00:00"=0) and SYSTIMESTAMP ("-03:00"=-300) - set connection timezone, see https://github.com/godror/godror/blob/master/doc/timezone.md

===== J1 TGFICM tem linhas internas (UFORIG = UFDEST) para outras UFs? =====
UF | LINHAS | ALIQS | MINA | MAXA | MAXFCP
MG | 296 | 7 | 0 | 18 | 0
(1 linhas)

===== J2 TGFICM interno de BA e RJ — as celulas cruas =====
UF | TIPRESTRICAO | CODRESTRICAO | TIPRESTRICAO2 | CODRESTRICAO2 | CODTRIB | ALIQUOTA | REDBASE | FCP
(0 linhas)

===== J3 os dois produtos da BA — grupo e origem =====
CODPROD | GRUPOICMS | ORIGPROD | USOPROD | ATIVO
15956 | 311 | 5 | R | S
39563 | 122 | 5 | R | S
41912 | 122 | 0 | R | S
(3 linhas)

===== J4 ALIQINTDEST cobrada x grupo do produto (2026, TOP 305/306) =====
UF | GRUPOICMS | ALIQINTDEST | PERCFCP | ITENS
BA | 122 | 20.5 | 0 | 1
BA | 122 | 17 | 0 | 1
DF | 207 | 18 | 0 | 2
ES | 122 | 17 | 0 | 1
ES | 206 | 17 | 0 | 1
GO | 122 | 19 | 0 | 76
GO | 128 | 19 | 0 | 2
GO | 173 | 19 | 0 | 2
GO | 178 | 19 | 0 | 7
GO | 196 | 19 | 0 | 4
GO | 199 | 19 | 0 | 2
GO | 201 | 19 | 0 | 7
GO | 206 | 19 | 0 | 38
GO | 207 | 19 | 0 | 74
GO | 209 | 19 | 0 | 2
GO | 215 | 19 | 0 | 2
GO | 216 | 19 | 0 | 5
GO | 217 | 19 | 0 | 4
GO | 264 | 19 | 0 | 3
GO | 274 | 19 | 0 | 9
GO | 276 | 19 | 0 | 4
GO | 284 | 19 | 0 | 4
GO | 298 | 19 | 0 | 1
GO | 304 | 19 | 0 | 4
GO | 310 | 19 | 0 | 1
GO | 311 | 19 | 0 | 2
GO | 506 | 19 | 0 | 5
GO | 538 | 19 | 0 | 5
GO | 539 | 19 | 0 | 7
GO | 540 | 19 | 0 | 3
MA | 122 | 23 | 0 | 1
PE | 209 | 20.5 | 0 | 2
PR | 122 | 18 | 0 | 5
PR | 178 | 18 | 0 | 2
PR | 206 | 18 | 0 | 1
PR | 264 | 18 | 0 | 1
PR | 284 | 18 | 0 | 1
PR | 539 | 18 | 0 | 1
PR | 540 | 18 | 0 | 1
RJ | 122 | 18 | 2 | 6
RJ | 122 | 19 | 2 | 1
RJ | 311 | 19 | 2 | 1
RS | 122 | 17 | 0 | 1
SP | 122 | 18 | 0 | 5
SP | 206 | 18 | 0 | 2
SP | 310 | 18 | 0 | 1
SP | 311 | 18 | 0 | 6
(47 linhas)

===== I4 TOP 306 (todo o historico) — residuo de base - icms - difal - fcp - basePIS =====
NUNOTA | SEQUENCIA | PBASE | ICMS | DIFAL | FCP | PBASER | RESIDUO
841382 | 1 | 0 | 0 | 0 | 0 | 17.5 | -17.5
823584 | 1 | 0 | 0 | 0 | 0 | 20.86 | -20.86
882236 | 2 | 136.66 | 24.59 | 0 | 0 | 136.66 | -24.59
893459 | 1 | 169.9 | 20.39 | 10.19 | 0 | 169.9 | -30.58
893184 | 1 | 169.9 | 20.39 | 10.19 | 0 | 169.9 | -30.58
894733 | 1 | 169.99 | 20.4 | 10.2 | 0 | 169.99 | -30.6
894077 | 1 | 169.99 | 20.4 | 10.2 | 0 | 169.99 | -30.6
895435 | 1 | 189.9 | 22.79 | 11.39 | 0 | 189.9 | -34.18
894164 | 1 | 169.99 | 20.4 | 11.9 | 3.3998 | 169.99 | -35.7
896976 | 1 | 209.7 | 25.16 | 12.58 | 0 | 209.7 | -37.74
895436 | 1 | 189.9 | 13.29 | 25.64 | 0 | 189.9 | -38.93
895507 | 1 | 299.9 | 20.99 | 29.99 | 0 | 299.9 | -50.98
891855 | 1 | 309.9 | 21.69 | 30.99 | 0 | 309.9 | -52.68
894287 | 1 | 299.9 | 35.99 | 17.99 | 0 | 299.9 | -53.98
896977 | 1 | 339.98 | 40.8 | 20.4 | 0 | 339.98 | -61.2
894549 | 1 | 339.98 | 40.8 | 20.4 | 0 | 339.98 | -61.2
892339 | 1 | 309.9 | 37.19 | 18.59 | 6.198 | 309.9 | -61.98
891752 | 1 | 309.9 | 37.19 | 18.59 | 6.198 | 309.9 | -61.98
891753 | 1 | 309.9 | 37.19 | 18.59 | 6.198 | 309.9 | -61.98
893649 | 1 | 299.9 | 35.99 | 20.99 | 5.998 | 299.9 | -62.98
894296 | 1 | 599.8 | 71.98 | 35.99 | 0 | 599.8 | -107.97
893516 | 1 | 729.9 | 87.59 | 36.5 | 0 | 729.9 | -124.09
891897 | 1 | 809.9 | 97.19 | 48.59 | 16.198 | 809.9 | -161.98
895096 | 1 | 0 | 0 | 0 | 0 | 169.99 | -169.99
895434 | 1 | 0 | 0 | 0 | 0 | 169.99 | -169.99
892245 | 1 | 809.9 | 56.69 | 129.58 | 0 | 809.9 | -186.27
883907 | 1 | 0 | 0 | 0 | 0 | 195.3 | -195.3
891650 | 1 | 1389.9 | 55.6 | 180.69 | 0 | 1389.9 | -236.29
891649 | 1 | 1389.9 | 55.6 | 194.59 | 0 | 1389.9 | -250.19
895190 | 1 | 1459.8 | 175.18 | 87.59 | 0 | 1459.8 | -262.77
892946 | 1 | 1489.9 | 178.79 | 89.39 | 0 | 1489.9 | -268.18
891670 | 1 | 1489.9 | 59.6 | 208.59 | 0 | 1489.9 | -268.19
882236 | 1 | 0 | 0 | 0 | 0 | 292.98 | -292.98
891751 | 1 | 0 | 0 | 0 | 0 | 309.9 | -309.9
893178 | 1 | 0 | 0 | 0 | 0 | 334.9 | -334.9
882152 | 1 | 1948.8 | 233.86 | 116.92 | 0 | 1948.8 | -350.78
892338 | 1 | 1859.4 | 223.13 | 111.56 | 37.188 | 1859.4 | -371.88
891499 | 1 | 2429.7 | 291.56 | 145.78 | 48.594 | 2429.7 | -485.93
881544 | 1 | 3583.2 | 250.82 | 483.73 | 0 | 3583.2 | -734.55
892337 | 1 | 0 | 0 | 0 | 0 | 1489.9 | -1489.9
892522 | 1 | 0 | 0 | 0 | 0 | 1619.8 | -1619.8
882236 | 3 | 0 | 0 | 0 | 0 | 1746.86 | -1746.86
(42 linhas)

===== I5 nota do operador (NUNOTA 895507) — todas as linhas de TGFDIN =====
SEQUENCIA | CODIMP | CODINC | BASE | ALIQUOTA | VALOR | ALIQINTDEST | ALIQPARADIFAL | VLRDIFALDEST | PERCFCP
1 | 1 | 1 | 299.9 | 7 | 20.99 | 17 | 10 | 29.99 | 0
1 | 6 | 0 | 299.9 | 1.65 | 4.11 | 0 | 0 | 0 | 0
1 | 7 | 0 | 299.9 | 7.6 | 18.92 | 0 | 0 | 0 | 0
1 | 9 | 0 | 299.9 | 0 | 0 | 0 | 0 | 0 | 0
1 | 12 | 1 | 299.9 | 0.1 | 0.23 | 0 | 0 | 0 | 0
1 | 13 | 1 | 299.9 | 0 | 0 | 0 | 0 | 0 | 0
1 | 14 | 1 | 299.9 | 0.9 | 2.03 | 0 | 0 | 0 | 0
(7 linhas)

===== I6 nota do operador (NUNOTA 895507) — cabecalho e itens =====
NUNOTA | NUMNOTA | CODTIPOPER | CODUFDESTINO | UF | DTNEG | SEQUENCIA | CODPROD | QTDNEG | VLRUNIT | VLRTOT | VLRDESC
895507 | 212253 | 306 | 5 | BA | 2026-07-21 | 1 | 41912 | 1 | 288.5 | 288.5 | -11.4
(1 linhas)
--- PASS: TestDiagLive (1.02s)
PASS
